L = [x1**2 - 2*x2 + x3**3 for x1 in range (10) if x1 % 2 == 0
						  for x2 in range (15) if x2 % 3 == 0
						  for x3 in range (6) if  x3 % 2 == 1 
						  if x1**2 - 2*x2 + x3**3 < 50]

IT1  : 0, 1, 2, 3, 4, 5, 6, 7, 8, 9 
FIT1 : 0, 2, 4, 6, 8 

IT2  : 0, 1, 2, 3, 4, 5, 6, 7, 8, 9, 10, 11, 12, 13, 14 
FIT2 : 0, 3, 6, 9, 12 

IT3  : 0, 1, 2, 3, 4, 5 
FIT3 : 1, 3, 5

FFIT1 : 0, 4, 16, 36, 64 
FFIT2 : 0, 6, 12, 18, 24 
FFIT3 : 1, 27, 125 

(0, 0, 1) 	(0, 6, 1) 	(0, 12, 1) 		(0, 18, 1) 		(0, 24, 1)
(0, 0, 27)  (0, 6, 27)	(0, 12, 27)		(0, 18, 27)		(0, 24, 27)
(0, 0, 125) (0, 6, 125)	(0, 12, 125) 	(0, 18, 125) 	(0, 24, 125)
------------------------------------------------------------------------
(4, 0, 1)	(4, 6, 1)	(4, 12, 1)		(4, 18, 1)		(4, 24, 1)
(4, 0, 27)	(4, 6, 27)	(4, 12, 27)		(4, 18, 27)		(4, 24, 27)
(4, 0, 125)	(4, 6, 125)	(4, 12, 125)	(4, 18, 125)	(4, 24, 125)
-------------------------------------------------------------------------
(16, 0, 1)	 (16, 6, 1)		(16, 12, 1) 	(16, 18, 1)		(16, 24, 1)
(16, 0, 27)	 (16, 6, 27)	(16, 12, 27)	(16, 18, 27)	(16, 24, 27)
(16, 0, 125) (16, 6, 125) 	(16, 12, 125)	(16, 18, 125)	(16, 24, 125)
----------------------------------------------------------------------------
(36, 0, 1) 	 (36, 6, 1) 	(36, 12, 1) 	(36, 18, 1) 	(36, 24, 1)
(36, 0, 27)  (36, 6, 27)    (36, 12, 27)    (36, 18, 27)    (36, 24, 27)
(36, 0, 125) (36, 6, 125)   (36, 12, 125)   (36, 18, 125)   (36, 24, 125)
-----------------------------------------------------------------------------
(64, 0, 1)	 (64, 6, 1)		(64, 12, 1) 	(64, 18, 1) 	(64, 24, 1)
(64, 0, 27)  (64, 6, 27)	(64, 12, 27) 	(64, 18, 27) 	(64, 24, 27)
(64, 0, 125) (64, 6, 125) 	(64, 12, 125)	(64, 18, 125)	(64, 24, 125)
------------------------------------------------------------------------------
1, 		-5, 	-11, 	-17, 	-23,
27, 	21, 	15, 	9, 		3, 
125, 	119, 	113, 	107, 	101, 
----------------------------------------
5, 		-1,		-7, 	-13, 	-19
27, 	25,		19,		13,		7,
129,    123, 	129,	123, 	117, 
----------------------------------------
17, 	11,		5,		-1,		-7 
43,		37,		31,		25,		19, 
151,	145,	139,	133,	127, 
-----------------------------------------
37,		31,		25,		19,		13, 
63,		57, 	51,		45,		39, 
161,	155, 	149, 	143,	137, 
-----------------------------------------
65, 	59,		53, 	47, 	41
91,		85, 	79,		73,		67, 
189, 	183, 	177,	171,	165 
-----------------------------------------
L = [ 1, -5, -11, -17, -23, 27, 21, 15, 9, 3, 5, -1, -7, -13, -19, 27, 25, 19, 13, 7, 		17, 11, 5, -1, -7, 43, 37, 31, 25, 19, 37, 31, 25, 19, 13, 45, 39, 47, 41]

